1-1     0     1     0
3-1     -1     0     0
1-0     0     -1     0
2-0     0     1     0
1-0     0     0     1
1-0     0     1     -1
1-1     -1     0     0
2-1     0     1     0
4-0     1     0     0
4-0     0     0     -1



1010 ->

2--1     0     -1     0
3-1     -1     0     0
1-0     0     -1     0
2-0     0     1     0
1-0     0     0     1
1-0     0     1     -1
1-1     -1     0     0
1--1     0     0     0
1-0     -1     0     1
2-0     0     0     1



1011 -> 0001

1-1     0     1     0
3-1     -1     0     0
1-0     0     -1     0
2-0     0     1     0
1-0     0     0     1
2-0     0     -1     1
1-1     -1     0     0
2-1     0     1     0
4-0     1     0     0
4-0     0     0     -1



1011->1011

1-1     0     1     0
3-1     -1     0     0
2-0     0     1     0
2-0     0     1     0
1-0     0     0     1
1-0     0     1     -1
3-0     -1     0     -1
2-1     0     1     0
4-0     1     0     0
2-0     0     0     1

1011->1010

3--1     0     1     0
1--1     1     0     0
2-0     0     1     0
3-1     0     0     0
3--1     0     0     0
1-0     0     1     -1
2-0     1     0     1
3--1     0     -1     0
3-0     -1     1     0
2-0     0     0     1

0111

2--1     0     -1     0
2--1     0     0     0
1-0     0     -1     0
3-1     0     0     0
1-0     0     0     1
3-0     0     0     1
3-0     -1     0     -1
3--1     0     -1     0
4-0     1     0     0
1-0     0     0     -1

0101->0000

2--1     0     -1     0
2--1     0     0     0
1-0     0     -1     0
1-0     0     -1     0
3--1     0     0     0
1-0     0     1     -1
2-0     1     0     1
1--1     0     0     0
1-0     -1     0     1
3-0     1     0     -1

0101->0100

1-1     0     1     0
2--1     0     0     0
1-0     0     -1     0
1-0     0     -1     0
3--1     0     0     0
2-0     0     -1     1
2-0     1     0     1
2-1     0     1     0
1-0     -1     0     1
4-0     0     0     -1

1101->0001